epoch:0 0.5346  0.8451  0.6487  -1.0000  0.5087  0.5409  0.0845  0.5176  0.6541  -1.0000  0.5937  0.6758  1.0089  0.010000
epoch:1 0.5570  0.8481  0.6899  -1.0000  0.5200  0.5736  0.0879  0.5315  0.6624  -1.0000  0.6106  0.6854  0.7116  0.010000
epoch:2 0.5835  0.8938  0.7344  -1.0000  0.5618  0.5959  0.0875  0.5443  0.6834  -1.0000  0.6455  0.7017  0.6329  0.010000
epoch:3 0.5994  0.9018  0.7341  -1.0000  0.5697  0.6139  0.0904  0.5549  0.6912  -1.0000  0.6437  0.7201  0.5782  0.010000
