epoch:0 0.5489  0.8440  0.6768  -1.0000  0.4492  0.5838  0.0868  0.5252  0.6615  -1.0000  0.6045  0.6843  1.0089  0.010000
epoch:1 0.5829  0.8502  0.7387  -1.0000  0.4749  0.6226  0.0910  0.5473  0.6823  -1.0000  0.6352  0.7051  0.7116  0.010000
epoch:2 0.6111  0.8913  0.7809  -1.0000  0.5161  0.6489  0.0906  0.5601  0.7019  -1.0000  0.6727  0.7191  0.6329  0.010000
epoch:3 0.6209  0.9019  0.7872  -1.0000  0.5158  0.6635  0.0926  0.5679  0.7068  -1.0000  0.6654  0.7317  0.5782  0.010000
